0.02
0.017
0.021
0.036
0.02
0.02
0.022
0.023
0.029
0.021
0.02
0.019
0.026
0.033
0.027
0.017
0.017
0.028
0.018
0.017
0.017
0.03
0.017
0.015
0.016
0.016
0.059
0.019
0.036
0.018
0.023
0.018
0.02
0.018
0.02
0.017
0.024
0.019
0.018
0.018
0.018
0.018
0.017
0.018
0.018
0.022
0.021
0.034
0.02
0.017
0.018
0.019
0.018
0.033
0.027
0.017
0.022
0.017
0.018
0.019
0.022
0.016
0.016
0.018
0.016
0.034
0.018
0.017
0.017
0.018
0.019
0.026
0.019
0.021
0.017
0.024
0.017
0.018
0.03
0.017
0.018
0.019
0.028
0.016
0.018
0.026
0.033
0.018
0.018
0.017
0.017
0.019
0.022
0.017
0.018
0.024
0.019
0.018
0.024
0.019
0.017
0.017
0.02